Total dataset size:
n_samples: 150
n_features: 10000
n_classes: 15
Finding best number of eigenfaces to use
Extracting the top 1 eigenfaces
Extracting the top 5 eigenfaces
Extracting the top 25 eigenfaces
Extracting the top 50 eigenfaces
Extracting the top 75 eigenfaces
Extracting the top 100 eigenfaces
Best number of components = 50
Best classifier SVC(C=5, coef0=0.0, degree=3, gamma=0.001, kernel=rbf, probability=False,
  shrinking=True, tol=0.001)
Performing 10 fold
Fold 0 - report
             precision    recall  f1-score   support

          1       1.00      1.00      1.00         1
          2       1.00      1.00      1.00         1
          3       1.00      1.00      1.00         1
          4       0.00      0.00      0.00         1
          5       1.00      1.00      1.00         1
          6       1.00      1.00      1.00         1
          7       1.00      1.00      1.00         1
          8       1.00      1.00      1.00         1
          9       1.00      1.00      1.00         1
         10       1.00      1.00      1.00         1
         11       1.00      1.00      1.00         1
         12       1.00      1.00      1.00         1
         13       1.00      1.00      1.00         1
         14       1.00      1.00      1.00         1
         15       0.50      1.00      0.67         1

avg / total       0.90      0.93      0.91        15

Fold 0 - confusion matrix
[[1 0 0 0 0 0 0 0 0 0 0 0 0 0 0]
 [0 1 0 0 0 0 0 0 0 0 0 0 0 0 0]
 [0 0 1 0 0 0 0 0 0 0 0 0 0 0 0]
 [0 0 0 0 0 0 0 0 0 0 0 0 0 0 1]
 [0 0 0 0 1 0 0 0 0 0 0 0 0 0 0]
 [0 0 0 0 0 1 0 0 0 0 0 0 0 0 0]
 [0 0 0 0 0 0 1 0 0 0 0 0 0 0 0]
 [0 0 0 0 0 0 0 1 0 0 0 0 0 0 0]
 [0 0 0 0 0 0 0 0 1 0 0 0 0 0 0]
 [0 0 0 0 0 0 0 0 0 1 0 0 0 0 0]
 [0 0 0 0 0 0 0 0 0 0 1 0 0 0 0]
 [0 0 0 0 0 0 0 0 0 0 0 1 0 0 0]
 [0 0 0 0 0 0 0 0 0 0 0 0 1 0 0]
 [0 0 0 0 0 0 0 0 0 0 0 0 0 1 0]
 [0 0 0 0 0 0 0 0 0 0 0 0 0 0 1]]

Fold 1 - report
             precision    recall  f1-score   support

          1       1.00      1.00      1.00         1
          2       1.00      1.00      1.00         1
          3       1.00      1.00      1.00         1
          4       1.00      1.00      1.00         1
          5       1.00      1.00      1.00         1
          6       1.00      1.00      1.00         1
          7       1.00      1.00      1.00         1
          8       1.00      1.00      1.00         1
          9       1.00      1.00      1.00         1
         10       1.00      1.00      1.00         1
         11       1.00      1.00      1.00         1
         12       1.00      1.00      1.00         1
         13       1.00      1.00      1.00         1
         14       1.00      1.00      1.00         1
         15       1.00      1.00      1.00         1

avg / total       1.00      1.00      1.00        15

Fold 1 - confusion matrix
[[1 0 0 0 0 0 0 0 0 0 0 0 0 0 0]
 [0 1 0 0 0 0 0 0 0 0 0 0 0 0 0]
 [0 0 1 0 0 0 0 0 0 0 0 0 0 0 0]
 [0 0 0 1 0 0 0 0 0 0 0 0 0 0 0]
 [0 0 0 0 1 0 0 0 0 0 0 0 0 0 0]
 [0 0 0 0 0 1 0 0 0 0 0 0 0 0 0]
 [0 0 0 0 0 0 1 0 0 0 0 0 0 0 0]
 [0 0 0 0 0 0 0 1 0 0 0 0 0 0 0]
 [0 0 0 0 0 0 0 0 1 0 0 0 0 0 0]
 [0 0 0 0 0 0 0 0 0 1 0 0 0 0 0]
 [0 0 0 0 0 0 0 0 0 0 1 0 0 0 0]
 [0 0 0 0 0 0 0 0 0 0 0 1 0 0 0]
 [0 0 0 0 0 0 0 0 0 0 0 0 1 0 0]
 [0 0 0 0 0 0 0 0 0 0 0 0 0 1 0]
 [0 0 0 0 0 0 0 0 0 0 0 0 0 0 1]]

Fold 2 - report
             precision    recall  f1-score   support

          1       1.00      1.00      1.00         1
          2       1.00      1.00      1.00         1
          3       1.00      1.00      1.00         1
          4       1.00      1.00      1.00         1
          5       1.00      1.00      1.00         1
          6       1.00      1.00      1.00         1
          7       1.00      1.00      1.00         1
          8       1.00      1.00      1.00         1
          9       1.00      1.00      1.00         1
         10       1.00      1.00      1.00         1
         11       1.00      1.00      1.00         1
         12       1.00      1.00      1.00         1
         13       1.00      1.00      1.00         1
         14       1.00      1.00      1.00         1
         15       1.00      1.00      1.00         1

avg / total       1.00      1.00      1.00        15

Fold 2 - confusion matrix
[[1 0 0 0 0 0 0 0 0 0 0 0 0 0 0]
 [0 1 0 0 0 0 0 0 0 0 0 0 0 0 0]
 [0 0 1 0 0 0 0 0 0 0 0 0 0 0 0]
 [0 0 0 1 0 0 0 0 0 0 0 0 0 0 0]
 [0 0 0 0 1 0 0 0 0 0 0 0 0 0 0]
 [0 0 0 0 0 1 0 0 0 0 0 0 0 0 0]
 [0 0 0 0 0 0 1 0 0 0 0 0 0 0 0]
 [0 0 0 0 0 0 0 1 0 0 0 0 0 0 0]
 [0 0 0 0 0 0 0 0 1 0 0 0 0 0 0]
 [0 0 0 0 0 0 0 0 0 1 0 0 0 0 0]
 [0 0 0 0 0 0 0 0 0 0 1 0 0 0 0]
 [0 0 0 0 0 0 0 0 0 0 0 1 0 0 0]
 [0 0 0 0 0 0 0 0 0 0 0 0 1 0 0]
 [0 0 0 0 0 0 0 0 0 0 0 0 0 1 0]
 [0 0 0 0 0 0 0 0 0 0 0 0 0 0 1]]

Fold 3 - report
             precision    recall  f1-score   support

          1       1.00      1.00      1.00         1
          2       1.00      1.00      1.00         1
          3       1.00      1.00      1.00         1
          4       1.00      1.00      1.00         1
          5       1.00      1.00      1.00         1
          6       1.00      1.00      1.00         1
          7       1.00      1.00      1.00         1
          8       1.00      1.00      1.00         1
          9       1.00      1.00      1.00         1
         10       1.00      1.00      1.00         1
         11       1.00      1.00      1.00         1
         12       1.00      1.00      1.00         1
         13       1.00      1.00      1.00         1
         14       1.00      1.00      1.00         1
         15       1.00      1.00      1.00         1

avg / total       1.00      1.00      1.00        15

Fold 3 - confusion matrix
[[1 0 0 0 0 0 0 0 0 0 0 0 0 0 0]
 [0 1 0 0 0 0 0 0 0 0 0 0 0 0 0]
 [0 0 1 0 0 0 0 0 0 0 0 0 0 0 0]
 [0 0 0 1 0 0 0 0 0 0 0 0 0 0 0]
 [0 0 0 0 1 0 0 0 0 0 0 0 0 0 0]
 [0 0 0 0 0 1 0 0 0 0 0 0 0 0 0]
 [0 0 0 0 0 0 1 0 0 0 0 0 0 0 0]
 [0 0 0 0 0 0 0 1 0 0 0 0 0 0 0]
 [0 0 0 0 0 0 0 0 1 0 0 0 0 0 0]
 [0 0 0 0 0 0 0 0 0 1 0 0 0 0 0]
 [0 0 0 0 0 0 0 0 0 0 1 0 0 0 0]
 [0 0 0 0 0 0 0 0 0 0 0 1 0 0 0]
 [0 0 0 0 0 0 0 0 0 0 0 0 1 0 0]
 [0 0 0 0 0 0 0 0 0 0 0 0 0 1 0]
 [0 0 0 0 0 0 0 0 0 0 0 0 0 0 1]]

Fold 4 - report
             precision    recall  f1-score   support

          1       1.00      1.00      1.00         1
          2       1.00      1.00      1.00         1
          3       1.00      1.00      1.00         1
          4       1.00      1.00      1.00         1
          5       1.00      1.00      1.00         1
          6       1.00      1.00      1.00         1
          7       1.00      1.00      1.00         1
          8       1.00      1.00      1.00         1
          9       1.00      1.00      1.00         1
         10       1.00      1.00      1.00         1
         11       0.00      0.00      0.00         1
         12       1.00      1.00      1.00         1
         13       1.00      1.00      1.00         1
         14       0.50      1.00      0.67         1
         15       1.00      1.00      1.00         1

avg / total       0.90      0.93      0.91        15

Fold 4 - confusion matrix
[[1 0 0 0 0 0 0 0 0 0 0 0 0 0 0]
 [0 1 0 0 0 0 0 0 0 0 0 0 0 0 0]
 [0 0 1 0 0 0 0 0 0 0 0 0 0 0 0]
 [0 0 0 1 0 0 0 0 0 0 0 0 0 0 0]
 [0 0 0 0 1 0 0 0 0 0 0 0 0 0 0]
 [0 0 0 0 0 1 0 0 0 0 0 0 0 0 0]
 [0 0 0 0 0 0 1 0 0 0 0 0 0 0 0]
 [0 0 0 0 0 0 0 1 0 0 0 0 0 0 0]
 [0 0 0 0 0 0 0 0 1 0 0 0 0 0 0]
 [0 0 0 0 0 0 0 0 0 1 0 0 0 0 0]
 [0 0 0 0 0 0 0 0 0 0 0 0 0 1 0]
 [0 0 0 0 0 0 0 0 0 0 0 1 0 0 0]
 [0 0 0 0 0 0 0 0 0 0 0 0 1 0 0]
 [0 0 0 0 0 0 0 0 0 0 0 0 0 1 0]
 [0 0 0 0 0 0 0 0 0 0 0 0 0 0 1]]

Fold 5 - report
             precision    recall  f1-score   support

          1       1.00      1.00      1.00         1
          2       1.00      1.00      1.00         1
          3       1.00      1.00      1.00         1
          4       1.00      1.00      1.00         1
          5       1.00      1.00      1.00         1
          6       1.00      1.00      1.00         1
          7       1.00      1.00      1.00         1
          8       1.00      1.00      1.00         1
          9       1.00      1.00      1.00         1
         10       1.00      1.00      1.00         1
         11       1.00      1.00      1.00         1
         12       1.00      1.00      1.00         1
         13       1.00      1.00      1.00         1
         14       1.00      1.00      1.00         1
         15       1.00      1.00      1.00         1

avg / total       1.00      1.00      1.00        15

Fold 5 - confusion matrix
[[1 0 0 0 0 0 0 0 0 0 0 0 0 0 0]
 [0 1 0 0 0 0 0 0 0 0 0 0 0 0 0]
 [0 0 1 0 0 0 0 0 0 0 0 0 0 0 0]
 [0 0 0 1 0 0 0 0 0 0 0 0 0 0 0]
 [0 0 0 0 1 0 0 0 0 0 0 0 0 0 0]
 [0 0 0 0 0 1 0 0 0 0 0 0 0 0 0]
 [0 0 0 0 0 0 1 0 0 0 0 0 0 0 0]
 [0 0 0 0 0 0 0 1 0 0 0 0 0 0 0]
 [0 0 0 0 0 0 0 0 1 0 0 0 0 0 0]
 [0 0 0 0 0 0 0 0 0 1 0 0 0 0 0]
 [0 0 0 0 0 0 0 0 0 0 1 0 0 0 0]
 [0 0 0 0 0 0 0 0 0 0 0 1 0 0 0]
 [0 0 0 0 0 0 0 0 0 0 0 0 1 0 0]
 [0 0 0 0 0 0 0 0 0 0 0 0 0 1 0]
 [0 0 0 0 0 0 0 0 0 0 0 0 0 0 1]]

Fold 6 - report
             precision    recall  f1-score   support

          1       1.00      1.00      1.00         1
          2       1.00      1.00      1.00         1
          3       0.50      1.00      0.67         1
          4       1.00      1.00      1.00         1
          5       1.00      1.00      1.00         1
          6       1.00      1.00      1.00         1
          7       1.00      1.00      1.00         1
          8       0.00      0.00      0.00         1
          9       1.00      1.00      1.00         1
         10       1.00      1.00      1.00         1
         11       1.00      1.00      1.00         1
         12       1.00      1.00      1.00         1
         13       1.00      1.00      1.00         1
         14       1.00      1.00      1.00         1
         15       1.00      1.00      1.00         1

avg / total       0.90      0.93      0.91        15

Fold 6 - confusion matrix
[[1 0 0 0 0 0 0 0 0 0 0 0 0 0 0]
 [0 1 0 0 0 0 0 0 0 0 0 0 0 0 0]
 [0 0 1 0 0 0 0 0 0 0 0 0 0 0 0]
 [0 0 0 1 0 0 0 0 0 0 0 0 0 0 0]
 [0 0 0 0 1 0 0 0 0 0 0 0 0 0 0]
 [0 0 0 0 0 1 0 0 0 0 0 0 0 0 0]
 [0 0 0 0 0 0 1 0 0 0 0 0 0 0 0]
 [0 0 1 0 0 0 0 0 0 0 0 0 0 0 0]
 [0 0 0 0 0 0 0 0 1 0 0 0 0 0 0]
 [0 0 0 0 0 0 0 0 0 1 0 0 0 0 0]
 [0 0 0 0 0 0 0 0 0 0 1 0 0 0 0]
 [0 0 0 0 0 0 0 0 0 0 0 1 0 0 0]
 [0 0 0 0 0 0 0 0 0 0 0 0 1 0 0]
 [0 0 0 0 0 0 0 0 0 0 0 0 0 1 0]
 [0 0 0 0 0 0 0 0 0 0 0 0 0 0 1]]

Fold 7 - report
             precision    recall  f1-score   support

          1       1.00      1.00      1.00         1
          2       1.00      1.00      1.00         1
          3       1.00      1.00      1.00         1
          4       1.00      1.00      1.00         1
          5       1.00      1.00      1.00         1
          6       1.00      1.00      1.00         1
          7       1.00      1.00      1.00         1
          8       0.50      1.00      0.67         1
          9       1.00      1.00      1.00         1
         10       1.00      1.00      1.00         1
         11       0.00      0.00      0.00         1
         12       1.00      1.00      1.00         1
         13       1.00      1.00      1.00         1
         14       1.00      1.00      1.00         1
         15       1.00      1.00      1.00         1

avg / total       0.90      0.93      0.91        15

Fold 7 - confusion matrix
[[1 0 0 0 0 0 0 0 0 0 0 0 0 0 0]
 [0 1 0 0 0 0 0 0 0 0 0 0 0 0 0]
 [0 0 1 0 0 0 0 0 0 0 0 0 0 0 0]
 [0 0 0 1 0 0 0 0 0 0 0 0 0 0 0]
 [0 0 0 0 1 0 0 0 0 0 0 0 0 0 0]
 [0 0 0 0 0 1 0 0 0 0 0 0 0 0 0]
 [0 0 0 0 0 0 1 0 0 0 0 0 0 0 0]
 [0 0 0 0 0 0 0 1 0 0 0 0 0 0 0]
 [0 0 0 0 0 0 0 0 1 0 0 0 0 0 0]
 [0 0 0 0 0 0 0 0 0 1 0 0 0 0 0]
 [0 0 0 0 0 0 0 1 0 0 0 0 0 0 0]
 [0 0 0 0 0 0 0 0 0 0 0 1 0 0 0]
 [0 0 0 0 0 0 0 0 0 0 0 0 1 0 0]
 [0 0 0 0 0 0 0 0 0 0 0 0 0 1 0]
 [0 0 0 0 0 0 0 0 0 0 0 0 0 0 1]]

Fold 8 - report
             precision    recall  f1-score   support

          1       1.00      1.00      1.00         1
          2       1.00      1.00      1.00         1
          3       1.00      1.00      1.00         1
          4       1.00      1.00      1.00         1
          5       1.00      1.00      1.00         1
          6       1.00      1.00      1.00         1
          7       1.00      1.00      1.00         1
          8       1.00      1.00      1.00         1
          9       1.00      1.00      1.00         1
         10       1.00      1.00      1.00         1
         11       1.00      1.00      1.00         1
         12       1.00      1.00      1.00         1
         13       1.00      1.00      1.00         1
         14       1.00      1.00      1.00         1
         15       1.00      1.00      1.00         1

avg / total       1.00      1.00      1.00        15

Fold 8 - confusion matrix
[[1 0 0 0 0 0 0 0 0 0 0 0 0 0 0]
 [0 1 0 0 0 0 0 0 0 0 0 0 0 0 0]
 [0 0 1 0 0 0 0 0 0 0 0 0 0 0 0]
 [0 0 0 1 0 0 0 0 0 0 0 0 0 0 0]
 [0 0 0 0 1 0 0 0 0 0 0 0 0 0 0]
 [0 0 0 0 0 1 0 0 0 0 0 0 0 0 0]
 [0 0 0 0 0 0 1 0 0 0 0 0 0 0 0]
 [0 0 0 0 0 0 0 1 0 0 0 0 0 0 0]
 [0 0 0 0 0 0 0 0 1 0 0 0 0 0 0]
 [0 0 0 0 0 0 0 0 0 1 0 0 0 0 0]
 [0 0 0 0 0 0 0 0 0 0 1 0 0 0 0]
 [0 0 0 0 0 0 0 0 0 0 0 1 0 0 0]
 [0 0 0 0 0 0 0 0 0 0 0 0 1 0 0]
 [0 0 0 0 0 0 0 0 0 0 0 0 0 1 0]
 [0 0 0 0 0 0 0 0 0 0 0 0 0 0 1]]

Fold 9 - report
             precision    recall  f1-score   support

          1       0.00      0.00      0.00         1
          2       1.00      1.00      1.00         1
          3       1.00      1.00      1.00         1
          4       1.00      1.00      1.00         1
          5       1.00      1.00      1.00         1
          6       0.00      0.00      0.00         1
          7       1.00      1.00      1.00         1
          8       1.00      1.00      1.00         1
          9       1.00      1.00      1.00         1
         10       1.00      1.00      1.00         1
         11       1.00      1.00      1.00         1
         12       1.00      1.00      1.00         1
         13       0.50      1.00      0.67         1
         14       0.50      1.00      0.67         1
         15       1.00      1.00      1.00         1

avg / total       0.80      0.87      0.82        15

Fold 9 - confusion matrix
[[0 0 0 0 0 0 0 0 0 0 0 0 1 0 0]
 [0 1 0 0 0 0 0 0 0 0 0 0 0 0 0]
 [0 0 1 0 0 0 0 0 0 0 0 0 0 0 0]
 [0 0 0 1 0 0 0 0 0 0 0 0 0 0 0]
 [0 0 0 0 1 0 0 0 0 0 0 0 0 0 0]
 [0 0 0 0 0 0 0 0 0 0 0 0 0 1 0]
 [0 0 0 0 0 0 1 0 0 0 0 0 0 0 0]
 [0 0 0 0 0 0 0 1 0 0 0 0 0 0 0]
 [0 0 0 0 0 0 0 0 1 0 0 0 0 0 0]
 [0 0 0 0 0 0 0 0 0 1 0 0 0 0 0]
 [0 0 0 0 0 0 0 0 0 0 1 0 0 0 0]
 [0 0 0 0 0 0 0 0 0 0 0 1 0 0 0]
 [0 0 0 0 0 0 0 0 0 0 0 0 1 0 0]
 [0 0 0 0 0 0 0 0 0 0 0 0 0 1 0]
 [0 0 0 0 0 0 0 0 0 0 0 0 0 0 1]]

Mean F1 score = 0.946667
Escolhendo a pessoa 3 e removendo todas as combinações de 3 fotos da mesma
F1 para pessoa da minha matricula = 1.000000
